g
4
7
0 1 2
0 3 6
1 2 -2
2 1 5
2 3 5
3 0 -4
3 1 -1

g
4
5
0 1 1
0 2 5
1 2 3
1 3 5
2 3 2

g
4
5
0 1 1
0 2 5
1 2 -3
1 3 5
2 3 2

g
4
6
0 1 1
0 2 5
1 2 -3
1 3 2
2 1 4
2 3 2

g
4
6
0 1 1
0 2 5
1 2 -3
1 3 2
2 1 -1
2 3 2

g
4
8
0 1 1
0 2 -5
1 2 -3
1 3 2
2 0 6
2 1 4
2 3 2
3 2 2

g
4
9
0 1 1
0 2 -5
1 1 -1
1 2 -3
1 3 2
2 0 6
2 1 4
2 3 2
3 2 2

g
7
13
0 1 1
0 2 -5
1 1 3
1 2 -3
1 3 2
2 0 6
2 1 4
2 3 2
3 2 2
4 5 5
5 4 2
5 5 0
5 6 -2

g
5
7
0 1 1
0 2 2
0 3 2
1 4 3
2 3 1
2 4 1
3 4 4

g
5
8
0 1 1
0 2 2
0 3 2
1 1 2
2 3 -2
2 4 1
3 4 4
4 1 3

g
5
5
0 1 1
1 2 2
2 3 3
3 4 -6
4 0 0

g
5
8
0 2 2
0 3 1
1 0 1
1 1 2
2 3 -2
3 4 4
4 2 -1
4 1 3

g
8
12
0 2 2
0 3 1
1 0 1
1 4 1
2 3 -2
3 2 7
3 4 4
4 2 -1
4 1 3
5 6 1
6 5 -2
6 7 -2

g
8
12
0 2 2
0 3 1
1 0 1
1 4 1
2 3 -2
3 2 7
3 4 4
4 2 -1
4 1 3
5 6 2
6 5 -2
6 7 -2