g
6
10
0 1 1
0 2 6
1 3 2
2 1 7
2 4 9
3 2 8
3 5 3
4 2 5
5 0 10
5 4 4

g
6
8
0 1 1
0 2 6
1 5 3
2 1 2
2 4 8
4 2 7
4 5 5
5 2 4

g
6
12
0 1 1
0 2 6
0 5 10
1 3 11
1 3 2
2 1 7
2 4 9
3 2 8
4 2 5
5 3 3
5 4 4
5 5 12

g
6
11
0 1 10
0 2 6
1 3 2
2 1 2
2 3 8
2 4 1
4 2 5
4 3 30
5 0 1
5 3 3
5 4 4

g
8
10
0 1 4
0 3 5
1 6 4
2 4 3
2 5 2
3 6 2
3 7 8
6 2 2
6 7 3
7 2 2

g
8
15
0 1 15
0 2 6
1 3 0
2 1 6
2 4 4
2 7 20
3 2 0
3 4 0
3 5 0
4 5 20
4 7 10
5 6 20
6 7 10
7 0 10
7 7 4

g
8
13
0 1 4
0 3 0
1 6 4
1 7 0
2 4 3
2 5 2
3 1 2
3 7 8
4 5 0
5 4 0
6 2 2
6 7 3
7 2 2

g
8
12
0 1 10
0 2 5
1 3 6
2 1 2
2 3 4
2 4 0
3 5 1
4 3 3
4 5 0
5 6 1
6 7 1
7 5 1

g
6
10
0 2 7
0 3 1
2 1 1
2 5 4
3 2 5
3 4 2
3 1 7
4 2 2
4 1 3
5 4 5

g
4
5
0 1 4
1 2 15
1 3 5
2 0 7
3 2 6

g
4
5
0 1 9
0 2 15
1 2 3
2 3 -1
3 2 -1

g
4
5
0 1 2
0 2 4
1 3 1
2 1 -3
2 3 0

g
5
8
0 1 5
0 2 1
1 4 5
2 3 1
3 4 1
4 0 5
4 1 20
4 3 1

g
5
8
0 1 5
0 2 1
1 4 5
2 3 1
3 4 1
4 0 -5
4 1 20
4 3 -1

g
5
7
0 1 10
0 2 20
0 3 30
1 2 5
2 3 5
2 4 10
3 4 10

g
12
18
0 1 3
0 2 2
0 3 3
1 4 1
2 1 20
2 9 15
2 5 7
2 6 4
3 7 0
4 9 2
4 8 1
5 8 18
5 10 100
6 10 1
7 10 42
7 11 0
8 5 18
10 7 42