Graphe 1 : 

Deroulement de l'algorithme : 
La matrice d'adjacence binaire du graphe est: 
      0    1    2    3
0  0.0  1.0  1.0  0.0
1  0.0  0.0  1.0  1.0
2  0.0  0.0  0.0  1.0
3  0.0  0.0  0.0  0.0 
La matrice de valeurs du graphe est: 
      0    1    2    3
0  0.0  1.0  5.0  inf
1  inf  0.0  3.0  5.0
2  inf  inf  0.0  2.0
3  inf  inf  inf  0.0 
k =  0
     0    1    2    3
0  0.0  1.0  5.0  inf
1  inf  0.0  3.0  5.0
2  inf  inf  0.0  2.0
3  inf  inf  inf  0.0
      0    1    2    3
0  0.0  0.0  0.0  0.0
1  1.0  1.0  1.0  1.0
2  2.0  2.0  2.0  2.0
3  3.0  3.0  3.0  3.0
k =  1
     0    1    2    3
0  0.0  1.0  4.0  6.0
1  inf  0.0  3.0  5.0
2  inf  inf  0.0  2.0
3  inf  inf  inf  0.0
      0    1    2    3
0  0.0  0.0  1.0  1.0
1  1.0  1.0  1.0  1.0
2  2.0  2.0  2.0  2.0
3  3.0  3.0  3.0  3.0
k =  2
     0    1    2    3
0  0.0  1.0  4.0  6.0
1  inf  0.0  3.0  5.0
2  inf  inf  0.0  2.0
3  inf  inf  inf  0.0
      0    1    2    3
0  0.0  0.0  1.0  1.0
1  1.0  1.0  1.0  1.0
2  2.0  2.0  2.0  2.0
3  3.0  3.0  3.0  3.0
k =  3
     0    1    2    3
0  0.0  1.0  4.0  6.0
1  inf  0.0  3.0  5.0
2  inf  inf  0.0  2.0
3  inf  inf  inf  0.0
      0    1    2    3
0  0.0  0.0  1.0  1.0
1  1.0  1.0  1.0  1.0
2  2.0  2.0  2.0  2.0
3  3.0  3.0  3.0  3.0


Graphe 2 : 

Deroulement de l'algorithme : 
La matrice d'adjacence binaire du graphe est: 
      0    1    2    3
0  0.0  1.0  1.0  0.0
1  0.0  0.0  1.0  1.0
2  0.0  0.0  0.0  1.0
3  0.0  0.0  0.0  0.0 
La matrice de valeurs du graphe est: 
      0    1    2    3
0  0.0  1.0  5.0  inf
1  inf  0.0 -3.0  5.0
2  inf  inf  0.0  2.0
3  inf  inf  inf  0.0 
k =  0
     0    1    2    3
0  0.0  1.0  5.0  inf
1  inf  0.0 -3.0  5.0
2  inf  inf  0.0  2.0
3  inf  inf  inf  0.0
      0    1    2    3
0  0.0  0.0  0.0  0.0
1  1.0  1.0  1.0  1.0
2  2.0  2.0  2.0  2.0
3  3.0  3.0  3.0  3.0
k =  1
     0    1    2    3
0  0.0  1.0 -2.0  6.0
1  inf  0.0 -3.0  5.0
2  inf  inf  0.0  2.0
3  inf  inf  inf  0.0
      0    1    2    3
0  0.0  0.0  1.0  1.0
1  1.0  1.0  1.0  1.0
2  2.0  2.0  2.0  2.0
3  3.0  3.0  3.0  3.0
k =  2
     0    1    2    3
0  0.0  1.0 -2.0  0.0
1  inf  0.0 -3.0 -1.0
2  inf  inf  0.0  2.0
3  inf  inf  inf  0.0
      0    1    2    3
0  0.0  0.0  1.0  2.0
1  1.0  1.0  1.0  2.0
2  2.0  2.0  2.0  2.0
3  3.0  3.0  3.0  3.0
k =  3
     0    1    2    3
0  0.0  1.0 -2.0  0.0
1  inf  0.0 -3.0 -1.0
2  inf  inf  0.0  2.0
3  inf  inf  inf  0.0
      0    1    2    3
0  0.0  0.0  1.0  2.0
1  1.0  1.0  1.0  2.0
2  2.0  2.0  2.0  2.0
3  3.0  3.0  3.0  3.0


Graphe 3 : 

Deroulement de l'algorithme : 
La matrice d'adjacence binaire du graphe est: 
      0    1    2    3
0  0.0  1.0  1.0  0.0
1  0.0  0.0  1.0  1.0
2  0.0  1.0  0.0  1.0
3  0.0  0.0  0.0  0.0 
La matrice de valeurs du graphe est: 
      0    1    2    3
0  0.0  1.0 -5.0  inf
1  inf  0.0 -3.0  2.0
2  inf  4.0  0.0  2.0
3  inf  inf  inf  0.0 
k =  0
     0    1    2    3
0  0.0  1.0 -5.0  inf
1  inf  0.0 -3.0  2.0
2  inf  4.0  0.0  2.0
3  inf  inf  inf  0.0
      0    1    2    3
0  0.0  0.0  0.0  0.0
1  1.0  1.0  1.0  1.0
2  2.0  2.0  2.0  2.0
3  3.0  3.0  3.0  3.0
k =  1
     0    1    2    3
0  0.0  1.0 -5.0  3.0
1  inf  0.0 -3.0  2.0
2  inf  4.0  0.0  2.0
3  inf  inf  inf  0.0
      0    1    2    3
0  0.0  0.0  0.0  1.0
1  1.0  1.0  1.0  1.0
2  2.0  2.0  2.0  2.0
3  3.0  3.0  3.0  3.0
k =  2
     0    1    2    3
0  0.0 -1.0 -5.0 -3.0
1  inf  0.0 -3.0 -1.0
2  inf  4.0  0.0  2.0
3  inf  inf  inf  0.0
      0    1    2    3
0  0.0  2.0  0.0  2.0
1  1.0  1.0  1.0  2.0
2  2.0  2.0  2.0  2.0
3  3.0  3.0  3.0  3.0
k =  3
     0    1    2    3
0  0.0 -1.0 -5.0 -3.0
1  inf  0.0 -3.0 -1.0
2  inf  4.0  0.0  2.0
3  inf  inf  inf  0.0
      0    1    2    3
0  0.0  2.0  0.0  2.0
1  1.0  1.0  1.0  2.0
2  2.0  2.0  2.0  2.0
3  3.0  3.0  3.0  3.0



Graphe 4 : 

Deroulement de l'algorithme : 
La matrice d'adjacence binaire du graphe est: 
      0    1    2    3
0  0.0  1.0  1.0  0.0
1  0.0  0.0  1.0  1.0
2  0.0  1.0  0.0  1.0
3  0.0  0.0  0.0  0.0 
La matrice de valeurs du graphe est: 
      0    1    2    3
0  0.0  1.0 -5.0  inf
1  inf  0.0 -3.0  2.0
2  inf -1.0  0.0  2.0
3  inf  inf  inf  0.0 
k =  0
     0    1    2    3
0  0.0  1.0 -5.0  inf
1  inf  0.0 -3.0  2.0
2  inf -1.0  0.0  2.0
3  inf  inf  inf  0.0
      0    1    2    3
0  0.0  0.0  0.0  0.0
1  1.0  1.0  1.0  1.0
2  2.0  2.0  2.0  2.0
3  3.0  3.0  3.0  3.0
k =  1
     0    1    2    3
0  0.0  1.0 -5.0  3.0
1  inf  0.0 -3.0  2.0
2  inf -1.0 -4.0  1.0
3  inf  inf  inf  inf
      0    1    2    3
0  0.0  0.0  0.0  1.0
1  1.0  1.0  1.0  1.0
2  2.0  2.0  1.0  1.0
3  1.0  1.0  1.0  1.0
Présence d'un circuit absorbant
k =  2
     0    1     2     3
0  inf -6.0 -13.0 -12.0
1  inf -4.0 -11.0 -10.0
2  inf -9.0 -16.0 -31.0
3  inf  inf   inf   inf
      0    1    2    3
0  2.0  2.0  1.0  1.0
1  2.0  2.0  1.0  1.0
2  2.0  2.0  1.0  1.0
3  2.0  2.0  1.0  1.0
Présence d'un circuit absorbant
k =  3
     0    1    2     3
0  inf  inf  inf   inf
1  inf  inf  inf   inf
2  inf  inf  inf -31.0
3  inf  inf  inf   inf
      0    1    2    3
0  2.0  2.0  1.0  1.0
1  2.0  2.0  1.0  1.0
2  2.0  2.0  1.0  1.0
3  2.0  2.0  1.0  1.0
Présence d'un circuit absorbant



Graphe 5 : 
Deroulement de l'algorithme : 
La matrice d'adjacence binaire du graphe est: 
      0    1    2    3
0  0.0  1.0  1.0  0.0
1  0.0  0.0  1.0  1.0
2  1.0  1.0  0.0  1.0
3  0.0  0.0  1.0  0.0 
La matrice de valeurs du graphe est: 
      0    1    2    3
0  0.0  1.0 -5.0  inf
1  inf  0.0 -3.0  2.0
2  6.0  4.0  0.0  2.0
3  inf  inf  2.0  0.0 
k =  0
     0    1    2    3
0  0.0  1.0 -5.0  inf
1  inf  0.0 -3.0  2.0
2  6.0  4.0  0.0  2.0
3  inf  inf  2.0  0.0
      0    1    2    3
0  0.0  0.0  0.0  0.0
1  1.0  1.0  1.0  1.0
2  2.0  2.0  2.0  2.0
3  3.0  3.0  3.0  3.0
k =  1
     0    1    2    3
0  0.0  1.0 -5.0  3.0
1  inf  0.0 -3.0  2.0
2  6.0  4.0  0.0  2.0
3  inf  inf  2.0  0.0
      0    1    2    3
0  0.0  0.0  0.0  1.0
1  1.0  1.0  1.0  1.0
2  2.0  2.0  2.0  2.0
3  3.0  3.0  3.0  3.0
k =  2
     0    1    2    3
0  0.0 -1.0 -5.0 -3.0
1  3.0  0.0 -3.0 -1.0
2  6.0  4.0  0.0  2.0
3  8.0  6.0  2.0  0.0
      0    1    2    3
0  0.0  2.0  0.0  2.0
1  2.0  1.0  1.0  2.0
2  2.0  2.0  2.0  2.0
3  2.0  2.0  3.0  3.0
k =  3
     0    1    2    3
0  0.0 -1.0 -5.0 -3.0
1  3.0  0.0 -3.0 -1.0
2  6.0  4.0  0.0  2.0
3  8.0  6.0  2.0  0.0
      0    1    2    3
0  0.0  2.0  0.0  2.0
1  2.0  1.0  1.0  2.0
2  2.0  2.0  2.0  2.0
3  2.0  2.0  3.0  3.0


Graphe 6 : 

Deroulement de l'algorithme : 
La matrice d'adjacence binaire du graphe est: 
      0    1    2    3
0  0.0  1.0  1.0  0.0
1  0.0  1.0  1.0  1.0
2  1.0  1.0  0.0  1.0
3  0.0  0.0  1.0  0.0 
La matrice de valeurs du graphe est: 
      0    1    2    3
0  0.0  1.0 -5.0  inf
1  inf  0.0 -3.0  2.0
2  6.0  4.0  0.0  2.0
3  inf  inf  2.0  0.0 
k =  0
     0    1    2    3
0  0.0  1.0 -5.0  inf
1  inf  0.0 -3.0  2.0
2  6.0  4.0  0.0  2.0
3  inf  inf  2.0  0.0
      0    1    2    3
0  0.0  0.0  0.0  0.0
1  1.0  1.0  1.0  1.0
2  2.0  2.0  2.0  2.0
3  3.0  3.0  3.0  3.0
k =  1
     0    1    2    3
0  0.0  1.0 -5.0  3.0
1  inf  0.0 -3.0  2.0
2  6.0  4.0  0.0  2.0
3  inf  inf  2.0  0.0
      0    1    2    3
0  0.0  0.0  0.0  1.0
1  1.0  1.0  1.0  1.0
2  2.0  2.0  2.0  2.0
3  3.0  3.0  3.0  3.0
k =  2
     0    1    2    3
0  0.0 -1.0 -5.0 -3.0
1  3.0  0.0 -3.0 -1.0
2  6.0  4.0  0.0  2.0
3  8.0  6.0  2.0  0.0
      0    1    2    3
0  0.0  2.0  0.0  2.0
1  2.0  1.0  1.0  2.0
2  2.0  2.0  2.0  2.0
3  2.0  2.0  3.0  3.0
k =  3
     0    1    2    3
0  0.0 -1.0 -5.0 -3.0
1  3.0  0.0 -3.0 -1.0
2  6.0  4.0  0.0  2.0
3  8.0  6.0  2.0  0.0
      0    1    2    3
0  0.0  2.0  0.0  2.0
1  2.0  1.0  1.0  2.0
2  2.0  2.0  2.0  2.0
3  2.0  2.0  3.0  3.0


Graphe 7 : 
Deroulement de l'algorithme : 
La matrice d'adjacence binaire du graphe est: 
      0    1    2    3    4    5    6
0  0.0  1.0  1.0  0.0  0.0  0.0  0.0
1  0.0  1.0  1.0  1.0  0.0  0.0  0.0
2  1.0  1.0  0.0  1.0  0.0  0.0  0.0
3  0.0  0.0  1.0  0.0  0.0  0.0  0.0
4  0.0  0.0  0.0  0.0  0.0  1.0  0.0
5  0.0  0.0  0.0  0.0  1.0  1.0  1.0
6  0.0  0.0  0.0  0.0  0.0  0.0  0.0 
La matrice de valeurs du graphe est: 
      0    1    2    3    4    5    6
0  0.0  2.0 -5.0  inf  inf  inf  inf
1  inf  0.0 -3.0  3.0  inf  inf  inf
2  7.0  4.0  0.0  3.0  inf  inf  inf
3  inf  inf  2.0  0.0  inf  inf  inf
4  inf  inf  inf  inf  0.0  5.0  inf
5  inf  inf  inf  inf  2.0  0.0 -2.0
6  inf  inf  inf  inf  inf  inf  0.0 
k =  0
     0    1    2    3    4    5    6
0  0.0  2.0 -5.0  inf  inf  inf  inf
1  inf  0.0 -3.0  3.0  inf  inf  inf
2  7.0  4.0  0.0  3.0  inf  inf  inf
3  inf  inf  2.0  0.0  inf  inf  inf
4  inf  inf  inf  inf  0.0  5.0  inf
5  inf  inf  inf  inf  2.0  0.0 -2.0
6  inf  inf  inf  inf  inf  inf  0.0
      0    1    2    3    4    5    6
0  0.0  0.0  0.0  0.0  0.0  0.0  0.0
1  1.0  1.0  1.0  1.0  1.0  1.0  1.0
2  2.0  2.0  2.0  2.0  2.0  2.0  2.0
3  3.0  3.0  3.0  3.0  3.0  3.0  3.0
4  4.0  4.0  4.0  4.0  4.0  4.0  4.0
5  5.0  5.0  5.0  5.0  5.0  5.0  5.0
6  6.0  6.0  6.0  6.0  6.0  6.0  6.0
k =  1
     0    1    2    3    4    5    6
0  0.0  2.0 -5.0  5.0  inf  inf  inf
1  inf  0.0 -3.0  3.0  inf  inf  inf
2  7.0  4.0  0.0  3.0  inf  inf  inf
3  inf  inf  2.0  0.0  inf  inf  inf
4  inf  inf  inf  inf  0.0  5.0  inf
5  inf  inf  inf  inf  2.0  0.0 -2.0
6  inf  inf  inf  inf  inf  inf  0.0
      0    1    2    3    4    5    6
0  0.0  0.0  0.0  1.0  0.0  0.0  0.0
1  1.0  1.0  1.0  1.0  1.0  1.0  1.0
2  2.0  2.0  2.0  2.0  2.0  2.0  2.0
3  3.0  3.0  3.0  3.0  3.0  3.0  3.0
4  4.0  4.0  4.0  4.0  4.0  4.0  4.0
5  5.0  5.0  5.0  5.0  5.0  5.0  5.0
6  6.0  6.0  6.0  6.0  6.0  6.0  6.0
k =  2
     0    1    2    3    4    5    6
0  0.0 -1.0 -5.0 -2.0  inf  inf  inf
1  4.0  0.0 -3.0  0.0  inf  inf  inf
2  7.0  4.0  0.0  3.0  inf  inf  inf
3  9.0  6.0  2.0  0.0  inf  inf  inf
4  inf  inf  inf  inf  0.0  5.0  inf
5  inf  inf  inf  inf  2.0  0.0 -2.0
6  inf  inf  inf  inf  inf  inf  0.0
      0    1    2    3    4    5    6
0  0.0  2.0  0.0  2.0  0.0  0.0  0.0
1  2.0  1.0  1.0  2.0  1.0  1.0  1.0
2  2.0  2.0  2.0  2.0  2.0  2.0  2.0
3  2.0  2.0  3.0  3.0  3.0  3.0  3.0
4  4.0  4.0  4.0  4.0  4.0  4.0  4.0
5  5.0  5.0  5.0  5.0  5.0  5.0  5.0
6  6.0  6.0  6.0  6.0  6.0  6.0  6.0
k =  3
     0    1    2    3    4    5    6
0  0.0 -1.0 -5.0 -2.0  inf  inf  inf
1  4.0  0.0 -3.0  0.0  inf  inf  inf
2  7.0  4.0  0.0  3.0  inf  inf  inf
3  9.0  6.0  2.0  0.0  inf  inf  inf
4  inf  inf  inf  inf  0.0  5.0  inf
5  inf  inf  inf  inf  2.0  0.0 -2.0
6  inf  inf  inf  inf  inf  inf  0.0
      0    1    2    3    4    5    6
0  0.0  2.0  0.0  2.0  0.0  0.0  0.0
1  2.0  1.0  1.0  2.0  1.0  1.0  1.0
2  2.0  2.0  2.0  2.0  2.0  2.0  2.0
3  2.0  2.0  3.0  3.0  3.0  3.0  3.0
4  4.0  4.0  4.0  4.0  4.0  4.0  4.0
5  5.0  5.0  5.0  5.0  5.0  5.0  5.0
6  6.0  6.0  6.0  6.0  6.0  6.0  6.0
k =  4
     0    1    2    3    4    5    6
0  0.0 -1.0 -5.0 -2.0  inf  inf  inf
1  4.0  0.0 -3.0  0.0  inf  inf  inf
2  7.0  4.0  0.0  3.0  inf  inf  inf
3  9.0  6.0  2.0  0.0  inf  inf  inf
4  inf  inf  inf  inf  0.0  5.0  inf
5  inf  inf  inf  inf  2.0  0.0 -2.0
6  inf  inf  inf  inf  inf  inf  0.0
      0    1    2    3    4    5    6
0  0.0  2.0  0.0  2.0  0.0  0.0  0.0
1  2.0  1.0  1.0  2.0  1.0  1.0  1.0
2  2.0  2.0  2.0  2.0  2.0  2.0  2.0
3  2.0  2.0  3.0  3.0  3.0  3.0  3.0
4  4.0  4.0  4.0  4.0  4.0  4.0  4.0
5  5.0  5.0  5.0  5.0  5.0  5.0  5.0
6  6.0  6.0  6.0  6.0  6.0  6.0  6.0
k =  5
     0    1    2    3    4    5    6
0  0.0 -1.0 -5.0 -2.0  inf  inf  inf
1  4.0  0.0 -3.0  0.0  inf  inf  inf
2  7.0  4.0  0.0  3.0  inf  inf  inf
3  9.0  6.0  2.0  0.0  inf  inf  inf
4  inf  inf  inf  inf  0.0  5.0  3.0
5  inf  inf  inf  inf  2.0  0.0 -2.0
6  inf  inf  inf  inf  inf  inf  0.0
      0    1    2    3    4    5    6
0  0.0  2.0  0.0  2.0  0.0  0.0  0.0
1  2.0  1.0  1.0  2.0  1.0  1.0  1.0
2  2.0  2.0  2.0  2.0  2.0  2.0  2.0
3  2.0  2.0  3.0  3.0  3.0  3.0  3.0
4  4.0  4.0  4.0  4.0  4.0  4.0  5.0
5  5.0  5.0  5.0  5.0  5.0  5.0  5.0
6  6.0  6.0  6.0  6.0  6.0  6.0  6.0
k =  6
     0    1    2    3    4    5    6
0  0.0 -1.0 -5.0 -2.0  inf  inf  inf
1  4.0  0.0 -3.0  0.0  inf  inf  inf
2  7.0  4.0  0.0  3.0  inf  inf  inf
3  9.0  6.0  2.0  0.0  inf  inf  inf
4  inf  inf  inf  inf  0.0  5.0  3.0
5  inf  inf  inf  inf  2.0  0.0 -2.0
6  inf  inf  inf  inf  inf  inf  0.0
      0    1    2    3    4    5    6
0  0.0  2.0  0.0  2.0  0.0  0.0  0.0
1  2.0  1.0  1.0  2.0  1.0  1.0  1.0
2  2.0  2.0  2.0  2.0  2.0  2.0  2.0
3  2.0  2.0  3.0  3.0  3.0  3.0  3.0
4  4.0  4.0  4.0  4.0  4.0  4.0  5.0
5  5.0  5.0  5.0  5.0  5.0  5.0  5.0
6  6.0  6.0  6.0  6.0  6.0  6.0  6.0



Graphe 8 : 


Deroulement de l'algorithme : 
La matrice d'adjacence binaire du graphe est: 
      0    1    2    3    4
0  0.0  1.0  1.0  1.0  0.0
1  0.0  0.0  0.0  0.0  1.0
2  0.0  0.0  0.0  1.0  1.0
3  0.0  0.0  0.0  0.0  1.0
4  0.0  0.0  0.0  0.0  0.0 
La matrice de valeurs du graphe est: 
      0    1    2    3    4
0  0.0  1.0  2.0  1.0  inf
1  inf  0.0  inf  inf  3.0
2  inf  inf  0.0  1.0  1.0
3  inf  inf  inf  0.0  4.0
4  inf  inf  inf  inf  0.0 
k =  0
     0    1    2    3    4
0  0.0  1.0  2.0  1.0  inf
1  inf  0.0  inf  inf  3.0
2  inf  inf  0.0  1.0  1.0
3  inf  inf  inf  0.0  4.0
4  inf  inf  inf  inf  0.0
      0    1    2    3    4
0  0.0  0.0  0.0  0.0  0.0
1  1.0  1.0  1.0  1.0  1.0
2  2.0  2.0  2.0  2.0  2.0
3  3.0  3.0  3.0  3.0  3.0
4  4.0  4.0  4.0  4.0  4.0
k =  1
     0    1    2    3    4
0  0.0  1.0  2.0  1.0  4.0
1  inf  0.0  inf  inf  3.0
2  inf  inf  0.0  1.0  1.0
3  inf  inf  inf  0.0  4.0
4  inf  inf  inf  inf  0.0
      0    1    2    3    4
0  0.0  0.0  0.0  0.0  1.0
1  1.0  1.0  1.0  1.0  1.0
2  2.0  2.0  2.0  2.0  2.0
3  3.0  3.0  3.0  3.0  3.0
4  4.0  4.0  4.0  4.0  4.0
k =  2
     0    1    2    3    4
0  0.0  1.0  2.0  1.0  3.0
1  inf  0.0  inf  inf  3.0
2  inf  inf  0.0  1.0  1.0
3  inf  inf  inf  0.0  4.0
4  inf  inf  inf  inf  0.0
      0    1    2    3    4
0  0.0  0.0  0.0  0.0  2.0
1  1.0  1.0  1.0  1.0  1.0
2  2.0  2.0  2.0  2.0  2.0
3  3.0  3.0  3.0  3.0  3.0
4  4.0  4.0  4.0  4.0  4.0
k =  3
     0    1    2    3    4
0  0.0  1.0  2.0  1.0  3.0
1  inf  0.0  inf  inf  3.0
2  inf  inf  0.0  1.0  1.0
3  inf  inf  inf  0.0  4.0
4  inf  inf  inf  inf  0.0
      0    1    2    3    4
0  0.0  0.0  0.0  0.0  2.0
1  1.0  1.0  1.0  1.0  1.0
2  2.0  2.0  2.0  2.0  2.0
3  3.0  3.0  3.0  3.0  3.0
4  4.0  4.0  4.0  4.0  4.0
k =  4
     0    1    2    3    4
0  0.0  1.0  2.0  1.0  3.0
1  inf  0.0  inf  inf  3.0
2  inf  inf  0.0  1.0  1.0
3  inf  inf  inf  0.0  4.0
4  inf  inf  inf  inf  0.0
      0    1    2    3    4
0  0.0  0.0  0.0  0.0  2.0
1  1.0  1.0  1.0  1.0  1.0
2  2.0  2.0  2.0  2.0  2.0
3  3.0  3.0  3.0  3.0  3.0
4  4.0  4.0  4.0  4.0  4.0


Graphe 9 : 

Deroulement de l'algorithme : 
La matrice d'adjacence binaire du graphe est: 
      0    1    2    3    4
0  0.0  1.0  1.0  1.0  0.0
1  0.0  1.0  0.0  0.0  0.0
2  0.0  0.0  0.0  1.0  1.0
3  0.0  0.0  0.0  0.0  1.0
4  0.0  1.0  0.0  0.0  0.0 
La matrice de valeurs du graphe est: 
      0    1    2    3    4
0  0.0  1.0  2.0  1.0  inf
1  inf  0.0  inf  inf  inf
2  inf  inf  0.0 -2.0  1.0
3  inf  inf  inf  0.0  4.0
4  inf  3.0  inf  inf  0.0 
k =  0
     0    1    2    3    4
0  0.0  1.0  2.0  1.0  inf
1  inf  0.0  inf  inf  inf
2  inf  inf  0.0 -2.0  1.0
3  inf  inf  inf  0.0  4.0
4  inf  3.0  inf  inf  0.0
      0    1    2    3    4
0  0.0  0.0  0.0  0.0  0.0
1  1.0  1.0  1.0  1.0  1.0
2  2.0  2.0  2.0  2.0  2.0
3  3.0  3.0  3.0  3.0  3.0
4  4.0  4.0  4.0  4.0  4.0
k =  1
     0    1    2    3    4
0  0.0  1.0  2.0  1.0  inf
1  inf  0.0  inf  inf  inf
2  inf  inf  0.0 -2.0  1.0
3  inf  inf  inf  0.0  4.0
4  inf  3.0  inf  inf  0.0
      0    1    2    3    4
0  0.0  0.0  0.0  0.0  0.0
1  1.0  1.0  1.0  1.0  1.0
2  2.0  2.0  2.0  2.0  2.0
3  3.0  3.0  3.0  3.0  3.0
4  4.0  4.0  4.0  4.0  4.0
k =  2
     0    1    2    3    4
0  0.0  1.0  2.0  0.0  3.0
1  inf  0.0  inf  inf  inf
2  inf  inf  0.0 -2.0  1.0
3  inf  inf  inf  0.0  4.0
4  inf  3.0  inf  inf  0.0
      0    1    2    3    4
0  0.0  0.0  0.0  2.0  2.0
1  1.0  1.0  1.0  1.0  1.0
2  2.0  2.0  2.0  2.0  2.0
3  3.0  3.0  3.0  3.0  3.0
4  4.0  4.0  4.0  4.0  4.0
k =  3
     0    1    2    3    4
0  0.0  1.0  2.0  0.0  3.0
1  inf  0.0  inf  inf  inf
2  inf  inf  0.0 -2.0  1.0
3  inf  inf  inf  0.0  4.0
4  inf  3.0  inf  inf  0.0
      0    1    2    3    4
0  0.0  0.0  0.0  2.0  2.0
1  1.0  1.0  1.0  1.0  1.0
2  2.0  2.0  2.0  2.0  2.0
3  3.0  3.0  3.0  3.0  3.0
4  4.0  4.0  4.0  4.0  4.0
k =  4
     0    1    2    3    4
0  0.0  1.0  2.0  0.0  3.0
1  inf  0.0  inf  inf  inf
2  inf  4.0  0.0 -2.0  1.0
3  inf  7.0  inf  0.0  4.0
4  inf  3.0  inf  inf  0.0
      0    1    2    3    4
0  0.0  0.0  0.0  2.0  2.0
1  1.0  1.0  1.0  1.0  1.0
2  2.0  4.0  2.0  2.0  2.0
3  3.0  4.0  3.0  3.0  3.0
4  4.0  4.0  4.0  4.0  4.0


Graphe 10 : 

Deroulement de l'algorithme : 
La matrice d'adjacence binaire du graphe est: 
      0    1    2    3    4
0  0.0  1.0  0.0  0.0  0.0
1  0.0  0.0  1.0  0.0  0.0
2  0.0  0.0  0.0  1.0  0.0
3  0.0  0.0  0.0  0.0  1.0
4  1.0  0.0  0.0  0.0  0.0 
La matrice de valeurs du graphe est: 
      0    1    2    3    4
0  0.0  1.0  inf  inf  inf
1  inf  0.0  2.0  inf  inf
2  inf  inf  0.0  3.0  inf
3  inf  inf  inf  0.0 -6.0
4  0.0  inf  inf  inf  0.0 
k =  0
     0    1    2    3    4
0  0.0  1.0  inf  inf  inf
1  inf  0.0  2.0  inf  inf
2  inf  inf  0.0  3.0  inf
3  inf  inf  inf  0.0 -6.0
4  0.0  1.0  inf  inf  0.0
      0    1    2    3    4
0  0.0  0.0  0.0  0.0  0.0
1  1.0  1.0  1.0  1.0  1.0
2  2.0  2.0  2.0  2.0  2.0
3  3.0  3.0  3.0  3.0  3.0
4  4.0  0.0  4.0  4.0  4.0
k =  1
     0    1    2    3    4
0  0.0  1.0  3.0  inf  inf
1  inf  0.0  2.0  inf  inf
2  inf  inf  0.0  3.0  inf
3  inf  inf  inf  0.0 -6.0
4  0.0  1.0  3.0  inf  0.0
      0    1    2    3    4
0  0.0  0.0  1.0  0.0  0.0
1  1.0  1.0  1.0  1.0  1.0
2  2.0  2.0  2.0  2.0  2.0
3  3.0  3.0  3.0  3.0  3.0
4  4.0  0.0  1.0  4.0  4.0
k =  2
     0    1    2    3    4
0  0.0  1.0  3.0  6.0  inf
1  inf  0.0  2.0  5.0  inf
2  inf  inf  0.0  3.0  inf
3  inf  inf  inf  0.0 -6.0
4  0.0  1.0  3.0  6.0  0.0
      0    1    2    3    4
0  0.0  0.0  1.0  2.0  0.0
1  1.0  1.0  1.0  2.0  1.0
2  2.0  2.0  2.0  2.0  2.0
3  3.0  3.0  3.0  3.0  3.0
4  4.0  0.0  1.0  2.0  4.0
k =  3
     0    1    2    3    4
0  0.0  1.0  3.0  6.0  0.0
1  inf  0.0  2.0  5.0 -1.0
2  inf  inf  0.0  3.0 -3.0
3  inf  inf  inf  0.0 -6.0
4  0.0  1.0  3.0  6.0  0.0
      0    1    2    3    4
0  0.0  0.0  1.0  2.0  3.0
1  1.0  1.0  1.0  2.0  3.0
2  2.0  2.0  2.0  2.0  3.0
3  3.0  3.0  3.0  3.0  3.0
4  4.0  0.0  1.0  2.0  4.0
k =  4
     0    1    2    3    4
0  0.0  1.0  3.0  6.0  0.0
1 -1.0  0.0  2.0  5.0 -1.0
2 -3.0 -2.0  0.0  3.0 -3.0
3 -6.0 -5.0 -3.0  0.0 -6.0
4  0.0  1.0  3.0  6.0  0.0
      0    1    2    3    4
0  0.0  0.0  1.0  2.0  3.0
1  4.0  1.0  1.0  2.0  3.0
2  4.0  0.0  2.0  2.0  3.0
3  4.0  0.0  1.0  3.0  3.0
4  4.0  0.0  1.0  2.0  4.0



Graphe 11 : 

Deroulement de l'algorithme : 
La matrice d'adjacence binaire du graphe est: 
      0    1    2    3    4
0  0.0  0.0  1.0  1.0  0.0
1  1.0  1.0  0.0  0.0  0.0
2  0.0  0.0  0.0  1.0  0.0
3  0.0  0.0  0.0  0.0  1.0
4  0.0  1.0  1.0  0.0  0.0 
La matrice de valeurs du graphe est: 
      0    1    2    3    4
0  0.0  inf  2.0  1.0  inf
1  1.0  0.0  inf  inf  inf
2  inf  inf  0.0 -2.0  inf
3  inf  inf  inf  0.0  4.0
4  inf  3.0 -1.0  inf  0.0 
k =  0
     0    1    2    3    4
0  0.0  inf  2.0  1.0  inf
1  1.0  0.0  3.0  2.0  inf
2  inf  inf  0.0 -2.0  inf
3  inf  inf  inf  0.0  4.0
4  inf  3.0 -1.0  inf  0.0
      0    1    2    3    4
0  0.0  0.0  0.0  0.0  0.0
1  1.0  1.0  0.0  0.0  1.0
2  2.0  2.0  2.0  2.0  2.0
3  3.0  3.0  3.0  3.0  3.0
4  4.0  4.0  4.0  4.0  4.0
k =  1
     0    1    2    3    4
0  0.0  inf  2.0  1.0  inf
1  1.0  0.0  3.0  2.0  inf
2  inf  inf  0.0 -2.0  inf
3  inf  inf  inf  0.0  4.0
4  4.0  3.0 -1.0  5.0  0.0
      0    1    2    3    4
0  0.0  0.0  0.0  0.0  0.0
1  1.0  1.0  0.0  0.0  1.0
2  2.0  2.0  2.0  2.0  2.0
3  3.0  3.0  3.0  3.0  3.0
4  1.0  4.0  4.0  0.0  4.0
k =  2
     0    1    2    3    4
0  0.0  inf  2.0  0.0  inf
1  1.0  0.0  3.0  1.0  inf
2  inf  inf  0.0 -2.0  inf
3  inf  inf  inf  0.0  4.0
4  4.0  3.0 -1.0 -3.0  0.0
      0    1    2    3    4
0  0.0  0.0  0.0  2.0  0.0
1  1.0  1.0  0.0  2.0  1.0
2  2.0  2.0  2.0  2.0  2.0
3  3.0  3.0  3.0  3.0  3.0
4  1.0  4.0  4.0  2.0  4.0
k =  3
     0    1    2    3    4
0  0.0  inf  2.0  0.0  4.0
1  1.0  0.0  3.0  1.0  5.0
2  inf  inf  0.0 -2.0  2.0
3  inf  inf  inf  0.0  4.0
4  4.0  3.0 -1.0 -3.0  0.0
      0    1    2    3    4
0  0.0  0.0  0.0  2.0  3.0
1  1.0  1.0  0.0  2.0  3.0
2  2.0  2.0  2.0  2.0  3.0
3  3.0  3.0  3.0  3.0  3.0
4  1.0  4.0  4.0  2.0  4.0
k =  4
     0    1    2    3    4
0  0.0  7.0  2.0  0.0  4.0
1  1.0  0.0  3.0  1.0  5.0
2  6.0  5.0  0.0 -2.0  2.0
3  8.0  7.0  3.0  0.0  4.0
4  4.0  3.0 -1.0 -3.0  0.0
      0    1    2    3    4
0  0.0  4.0  0.0  2.0  3.0
1  1.0  1.0  0.0  2.0  3.0
2  1.0  4.0  2.0  2.0  3.0
3  1.0  4.0  4.0  3.0  3.0
4  1.0  4.0  4.0  2.0  4.0


Graphe 12 : 


Deroulement de l'algorithme : 
La matrice d'adjacence binaire du graphe est: 
      0    1    2    3    4    5    6    7
0  0.0  0.0  1.0  1.0  0.0  0.0  0.0  0.0
1  1.0  0.0  0.0  0.0  1.0  0.0  0.0  0.0
2  0.0  0.0  0.0  1.0  0.0  0.0  0.0  0.0
3  0.0  0.0  1.0  0.0  1.0  0.0  0.0  0.0
4  0.0  1.0  1.0  0.0  0.0  0.0  0.0  0.0
5  0.0  0.0  0.0  0.0  0.0  0.0  1.0  0.0
6  0.0  0.0  0.0  0.0  0.0  1.0  0.0  1.0
7  0.0  0.0  0.0  0.0  0.0  0.0  0.0  0.0 
La matrice de valeurs du graphe est: 
      0    1    2    3    4    5    6    7
0  0.0  inf  2.0  1.0  inf  inf  inf  inf
1  1.0  0.0  inf  inf  1.0  inf  inf  inf
2  inf  inf  0.0 -2.0  inf  inf  inf  inf
3  inf  inf  7.0  0.0  4.0  inf  inf  inf
4  inf  3.0 -1.0  inf  0.0  inf  inf  inf
5  inf  inf  inf  inf  inf  0.0  1.0  inf
6  inf  inf  inf  inf  inf -2.0  0.0 -2.0
7  inf  inf  inf  inf  inf  inf  inf  0.0 
k =  0
     0    1    2    3    4    5    6    7
0  0.0  inf  2.0  1.0  inf  inf  inf  inf
1  1.0  0.0  3.0  2.0  1.0  inf  inf  inf
2  inf  inf  0.0 -2.0  inf  inf  inf  inf
3  inf  inf  7.0  0.0  4.0  inf  inf  inf
4  inf  3.0 -1.0  inf  0.0  inf  inf  inf
5  inf  inf  inf  inf  inf  0.0  1.0  inf
6  inf  inf  inf  inf  inf -2.0  0.0 -2.0
7  inf  inf  inf  inf  inf  inf  inf  0.0
      0    1    2    3    4    5    6    7
0  0.0  0.0  0.0  0.0  0.0  0.0  0.0  0.0
1  1.0  1.0  0.0  0.0  1.0  1.0  1.0  1.0
2  2.0  2.0  2.0  2.0  2.0  2.0  2.0  2.0
3  3.0  3.0  3.0  3.0  3.0  3.0  3.0  3.0
4  4.0  4.0  4.0  4.0  4.0  4.0  4.0  4.0
5  5.0  5.0  5.0  5.0  5.0  5.0  5.0  5.0
6  6.0  6.0  6.0  6.0  6.0  6.0  6.0  6.0
7  7.0  7.0  7.0  7.0  7.0  7.0  7.0  7.0
k =  1
     0    1    2    3    4    5    6    7
0  0.0  inf  2.0  1.0  inf  inf  inf  inf
1  1.0  0.0  3.0  2.0  1.0  inf  inf  inf
2  inf  inf  0.0 -2.0  inf  inf  inf  inf
3  inf  inf  7.0  0.0  4.0  inf  inf  inf
4  4.0  3.0 -1.0  5.0  0.0  inf  inf  inf
5  inf  inf  inf  inf  inf  0.0  1.0  inf
6  inf  inf  inf  inf  inf -2.0  0.0 -2.0
7  inf  inf  inf  inf  inf  inf  inf  0.0
      0    1    2    3    4    5    6    7
0  0.0  0.0  0.0  0.0  0.0  0.0  0.0  0.0
1  1.0  1.0  0.0  0.0  1.0  1.0  1.0  1.0
2  2.0  2.0  2.0  2.0  2.0  2.0  2.0  2.0
3  3.0  3.0  3.0  3.0  3.0  3.0  3.0  3.0
4  1.0  4.0  4.0  0.0  4.0  4.0  4.0  4.0
5  5.0  5.0  5.0  5.0  5.0  5.0  5.0  5.0
6  6.0  6.0  6.0  6.0  6.0  6.0  6.0  6.0
7  7.0  7.0  7.0  7.0  7.0  7.0  7.0  7.0
k =  2
     0    1    2    3    4    5    6    7
0  0.0  inf  2.0  0.0  inf  inf  inf  inf
1  1.0  0.0  3.0  1.0  1.0  inf  inf  inf
2  inf  inf  0.0 -2.0  inf  inf  inf  inf
3  inf  inf  7.0  0.0  4.0  inf  inf  inf
4  4.0  3.0 -1.0 -3.0  0.0  inf  inf  inf
5  inf  inf  inf  inf  inf  0.0  1.0  inf
6  inf  inf  inf  inf  inf -2.0  0.0 -2.0
7  inf  inf  inf  inf  inf  inf  inf  0.0
      0    1    2    3    4    5    6    7
0  0.0  0.0  0.0  2.0  0.0  0.0  0.0  0.0
1  1.0  1.0  0.0  2.0  1.0  1.0  1.0  1.0
2  2.0  2.0  2.0  2.0  2.0  2.0  2.0  2.0
3  3.0  3.0  3.0  3.0  3.0  3.0  3.0  3.0
4  1.0  4.0  4.0  2.0  4.0  4.0  4.0  4.0
5  5.0  5.0  5.0  5.0  5.0  5.0  5.0  5.0
6  6.0  6.0  6.0  6.0  6.0  6.0  6.0  6.0
7  7.0  7.0  7.0  7.0  7.0  7.0  7.0  7.0
k =  3
     0    1    2    3    4    5    6    7
0  0.0  inf  2.0  0.0  4.0  inf  inf  inf
1  1.0  0.0  3.0  1.0  1.0  inf  inf  inf
2  inf  inf  0.0 -2.0  2.0  inf  inf  inf
3  inf  inf  7.0  0.0  4.0  inf  inf  inf
4  4.0  3.0 -1.0 -3.0  0.0  inf  inf  inf
5  inf  inf  inf  inf  inf  0.0  1.0  inf
6  inf  inf  inf  inf  inf -2.0  0.0 -2.0
7  inf  inf  inf  inf  inf  inf  inf  0.0
      0    1    2    3    4    5    6    7
0  0.0  0.0  0.0  2.0  3.0  0.0  0.0  0.0
1  1.0  1.0  0.0  2.0  1.0  1.0  1.0  1.0
2  2.0  2.0  2.0  2.0  3.0  2.0  2.0  2.0
3  3.0  3.0  3.0  3.0  3.0  3.0  3.0  3.0
4  1.0  4.0  4.0  2.0  4.0  4.0  4.0  4.0
5  5.0  5.0  5.0  5.0  5.0  5.0  5.0  5.0
6  6.0  6.0  6.0  6.0  6.0  6.0  6.0  6.0
7  7.0  7.0  7.0  7.0  7.0  7.0  7.0  7.0
k =  4
     0    1    2    3    4    5    6    7
0  0.0  7.0  2.0  0.0  4.0  inf  inf  inf
1  1.0  0.0  0.0 -2.0  1.0  inf  inf  inf
2  6.0  5.0  0.0 -2.0  2.0  inf  inf  inf
3  8.0  7.0  3.0  0.0  4.0  inf  inf  inf
4  4.0  3.0 -1.0 -3.0  0.0  inf  inf  inf
5  inf  inf  inf  inf  inf  0.0  1.0  inf
6  inf  inf  inf  inf  inf -2.0  0.0 -2.0
7  inf  inf  inf  inf  inf  inf  inf  0.0
      0    1    2    3    4    5    6    7
0  0.0  4.0  0.0  2.0  3.0  0.0  0.0  0.0
1  1.0  1.0  4.0  2.0  1.0  1.0  1.0  1.0
2  1.0  4.0  2.0  2.0  3.0  2.0  2.0  2.0
3  1.0  4.0  4.0  3.0  3.0  3.0  3.0  3.0
4  1.0  4.0  4.0  2.0  4.0  4.0  4.0  4.0
5  5.0  5.0  5.0  5.0  5.0  5.0  5.0  5.0
6  6.0  6.0  6.0  6.0  6.0  6.0  6.0  6.0
7  7.0  7.0  7.0  7.0  7.0  7.0  7.0  7.0
k =  5
     0    1    2    3    4    5    6    7
0  0.0  7.0  2.0  0.0  4.0  inf  inf  inf
1  1.0  0.0  0.0 -2.0  1.0  inf  inf  inf
2  6.0  5.0  0.0 -2.0  2.0  inf  inf  inf
3  8.0  7.0  3.0  0.0  4.0  inf  inf  inf
4  4.0  3.0 -1.0 -3.0  0.0  inf  inf  inf
5  inf  inf  inf  inf  inf  0.0  1.0  inf
6  inf  inf  inf  inf  inf -2.0 -1.0  inf
7  inf  inf  inf  inf  inf  inf  inf  inf
      0    1    2    3    4    5    6    7
0  0.0  4.0  0.0  2.0  3.0  0.0  0.0  0.0
1  1.0  1.0  4.0  2.0  1.0  1.0  1.0  1.0
2  1.0  4.0  2.0  2.0  3.0  2.0  2.0  2.0
3  1.0  4.0  4.0  3.0  3.0  3.0  3.0  3.0
4  1.0  4.0  4.0  2.0  4.0  4.0  4.0  4.0
5  5.0  5.0  5.0  5.0  5.0  5.0  5.0  5.0
6  6.0  6.0  6.0  6.0  6.0  6.0  5.0  5.0
7  5.0  5.0  5.0  5.0  5.0  5.0  5.0  5.0
Présence d'un circuit absorbant
k =  6
     0    1    2    3    4    5    6    7
0  inf  inf  inf  inf  inf  inf  inf  inf
1  inf  inf  inf  inf  inf  inf  inf  inf
2  inf  inf  inf  inf  inf  inf  inf  inf
3  inf  inf  inf  inf  inf  inf  inf  inf
4  inf  inf  inf  inf  inf  inf  inf  inf
5  inf  inf  inf  inf  inf -1.0 -1.0  inf
6  inf  inf  inf  inf  inf -4.0 -4.0  inf
7  inf  inf  inf  inf  inf  inf  inf  inf
      0    1    2    3    4    5    6    7
0  6.0  6.0  6.0  6.0  6.0  6.0  5.0  5.0
1  6.0  6.0  6.0  6.0  6.0  6.0  5.0  5.0
2  6.0  6.0  6.0  6.0  6.0  6.0  5.0  5.0
3  6.0  6.0  6.0  6.0  6.0  6.0  5.0  5.0
4  6.0  6.0  6.0  6.0  6.0  6.0  5.0  5.0
5  6.0  6.0  6.0  6.0  6.0  6.0  5.0  5.0
6  6.0  6.0  6.0  6.0  6.0  6.0  5.0  5.0
7  6.0  6.0  6.0  6.0  6.0  6.0  5.0  5.0
Présence d'un circuit absorbant
k =  7
     0    1    2    3    4    5    6    7
0  inf  inf  inf  inf  inf  inf  inf  inf
1  inf  inf  inf  inf  inf  inf  inf  inf
2  inf  inf  inf  inf  inf  inf  inf  inf
3  inf  inf  inf  inf  inf  inf  inf  inf
4  inf  inf  inf  inf  inf  inf  inf  inf
5  inf  inf  inf  inf  inf  inf  inf  inf
6  inf  inf  inf  inf  inf  inf  inf  inf
7  inf  inf  inf  inf  inf  inf  inf  inf
      0    1    2    3    4    5    6    7
0  6.0  6.0  6.0  6.0  6.0  6.0  5.0  5.0
1  6.0  6.0  6.0  6.0  6.0  6.0  5.0  5.0
2  6.0  6.0  6.0  6.0  6.0  6.0  5.0  5.0
3  6.0  6.0  6.0  6.0  6.0  6.0  5.0  5.0
4  6.0  6.0  6.0  6.0  6.0  6.0  5.0  5.0
5  6.0  6.0  6.0  6.0  6.0  6.0  5.0  5.0
6  6.0  6.0  6.0  6.0  6.0  6.0  5.0  5.0
7  6.0  6.0  6.0  6.0  6.0  6.0  5.0  5.0
Présence d'un circuit absorbant


Graphe 13: 

Deroulement de l'algorithme : 
La matrice d'adjacence binaire du graphe est: 
      0    1    2    3    4    5    6    7
0  0.0  0.0  1.0  1.0  0.0  0.0  0.0  0.0
1  1.0  0.0  0.0  0.0  1.0  0.0  0.0  0.0
2  0.0  0.0  0.0  1.0  0.0  0.0  0.0  0.0
3  0.0  0.0  1.0  0.0  1.0  0.0  0.0  0.0
4  0.0  1.0  1.0  0.0  0.0  0.0  0.0  0.0
5  0.0  0.0  0.0  0.0  0.0  0.0  1.0  0.0
6  0.0  0.0  0.0  0.0  0.0  1.0  0.0  1.0
7  0.0  0.0  0.0  0.0  0.0  0.0  0.0  0.0 
La matrice de valeurs du graphe est: 
      0    1    2    3    4    5    6    7
0  0.0  inf  2.0  1.0  inf  inf  inf  inf
1  1.0  0.0  inf  inf  1.0  inf  inf  inf
2  inf  inf  0.0 -2.0  inf  inf  inf  inf
3  inf  inf  7.0  0.0  4.0  inf  inf  inf
4  inf  3.0 -1.0  inf  0.0  inf  inf  inf
5  inf  inf  inf  inf  inf  0.0  2.0  inf
6  inf  inf  inf  inf  inf -2.0  0.0 -2.0
7  inf  inf  inf  inf  inf  inf  inf  0.0 
k =  0
     0    1    2    3    4    5    6    7
0  0.0  inf  2.0  1.0  inf  inf  inf  inf
1  1.0  0.0  3.0  2.0  1.0  inf  inf  inf
2  inf  inf  0.0 -2.0  inf  inf  inf  inf
3  inf  inf  7.0  0.0  4.0  inf  inf  inf
4  inf  3.0 -1.0  inf  0.0  inf  inf  inf
5  inf  inf  inf  inf  inf  0.0  2.0  inf
6  inf  inf  inf  inf  inf -2.0  0.0 -2.0
7  inf  inf  inf  inf  inf  inf  inf  0.0
      0    1    2    3    4    5    6    7
0  0.0  0.0  0.0  0.0  0.0  0.0  0.0  0.0
1  1.0  1.0  0.0  0.0  1.0  1.0  1.0  1.0
2  2.0  2.0  2.0  2.0  2.0  2.0  2.0  2.0
3  3.0  3.0  3.0  3.0  3.0  3.0  3.0  3.0
4  4.0  4.0  4.0  4.0  4.0  4.0  4.0  4.0
5  5.0  5.0  5.0  5.0  5.0  5.0  5.0  5.0
6  6.0  6.0  6.0  6.0  6.0  6.0  6.0  6.0
7  7.0  7.0  7.0  7.0  7.0  7.0  7.0  7.0
k =  1
     0    1    2    3    4    5    6    7
0  0.0  inf  2.0  1.0  inf  inf  inf  inf
1  1.0  0.0  3.0  2.0  1.0  inf  inf  inf
2  inf  inf  0.0 -2.0  inf  inf  inf  inf
3  inf  inf  7.0  0.0  4.0  inf  inf  inf
4  4.0  3.0 -1.0  5.0  0.0  inf  inf  inf
5  inf  inf  inf  inf  inf  0.0  2.0  inf
6  inf  inf  inf  inf  inf -2.0  0.0 -2.0
7  inf  inf  inf  inf  inf  inf  inf  0.0
      0    1    2    3    4    5    6    7
0  0.0  0.0  0.0  0.0  0.0  0.0  0.0  0.0
1  1.0  1.0  0.0  0.0  1.0  1.0  1.0  1.0
2  2.0  2.0  2.0  2.0  2.0  2.0  2.0  2.0
3  3.0  3.0  3.0  3.0  3.0  3.0  3.0  3.0
4  1.0  4.0  4.0  0.0  4.0  4.0  4.0  4.0
5  5.0  5.0  5.0  5.0  5.0  5.0  5.0  5.0
6  6.0  6.0  6.0  6.0  6.0  6.0  6.0  6.0
7  7.0  7.0  7.0  7.0  7.0  7.0  7.0  7.0
k =  2
     0    1    2    3    4    5    6    7
0  0.0  inf  2.0  0.0  inf  inf  inf  inf
1  1.0  0.0  3.0  1.0  1.0  inf  inf  inf
2  inf  inf  0.0 -2.0  inf  inf  inf  inf
3  inf  inf  7.0  0.0  4.0  inf  inf  inf
4  4.0  3.0 -1.0 -3.0  0.0  inf  inf  inf
5  inf  inf  inf  inf  inf  0.0  2.0  inf
6  inf  inf  inf  inf  inf -2.0  0.0 -2.0
7  inf  inf  inf  inf  inf  inf  inf  0.0
      0    1    2    3    4    5    6    7
0  0.0  0.0  0.0  2.0  0.0  0.0  0.0  0.0
1  1.0  1.0  0.0  2.0  1.0  1.0  1.0  1.0
2  2.0  2.0  2.0  2.0  2.0  2.0  2.0  2.0
3  3.0  3.0  3.0  3.0  3.0  3.0  3.0  3.0
4  1.0  4.0  4.0  2.0  4.0  4.0  4.0  4.0
5  5.0  5.0  5.0  5.0  5.0  5.0  5.0  5.0
6  6.0  6.0  6.0  6.0  6.0  6.0  6.0  6.0
7  7.0  7.0  7.0  7.0  7.0  7.0  7.0  7.0
k =  3
     0    1    2    3    4    5    6    7
0  0.0  inf  2.0  0.0  4.0  inf  inf  inf
1  1.0  0.0  3.0  1.0  1.0  inf  inf  inf
2  inf  inf  0.0 -2.0  2.0  inf  inf  inf
3  inf  inf  7.0  0.0  4.0  inf  inf  inf
4  4.0  3.0 -1.0 -3.0  0.0  inf  inf  inf
5  inf  inf  inf  inf  inf  0.0  2.0  inf
6  inf  inf  inf  inf  inf -2.0  0.0 -2.0
7  inf  inf  inf  inf  inf  inf  inf  0.0
      0    1    2    3    4    5    6    7
0  0.0  0.0  0.0  2.0  3.0  0.0  0.0  0.0
1  1.0  1.0  0.0  2.0  1.0  1.0  1.0  1.0
2  2.0  2.0  2.0  2.0  3.0  2.0  2.0  2.0
3  3.0  3.0  3.0  3.0  3.0  3.0  3.0  3.0
4  1.0  4.0  4.0  2.0  4.0  4.0  4.0  4.0
5  5.0  5.0  5.0  5.0  5.0  5.0  5.0  5.0
6  6.0  6.0  6.0  6.0  6.0  6.0  6.0  6.0
7  7.0  7.0  7.0  7.0  7.0  7.0  7.0  7.0
k =  4
     0    1    2    3    4    5    6    7
0  0.0  7.0  2.0  0.0  4.0  inf  inf  inf
1  1.0  0.0  0.0 -2.0  1.0  inf  inf  inf
2  6.0  5.0  0.0 -2.0  2.0  inf  inf  inf
3  8.0  7.0  3.0  0.0  4.0  inf  inf  inf
4  4.0  3.0 -1.0 -3.0  0.0  inf  inf  inf
5  inf  inf  inf  inf  inf  0.0  2.0  inf
6  inf  inf  inf  inf  inf -2.0  0.0 -2.0
7  inf  inf  inf  inf  inf  inf  inf  0.0
      0    1    2    3    4    5    6    7
0  0.0  4.0  0.0  2.0  3.0  0.0  0.0  0.0
1  1.0  1.0  4.0  2.0  1.0  1.0  1.0  1.0
2  1.0  4.0  2.0  2.0  3.0  2.0  2.0  2.0
3  1.0  4.0  4.0  3.0  3.0  3.0  3.0  3.0
4  1.0  4.0  4.0  2.0  4.0  4.0  4.0  4.0
5  5.0  5.0  5.0  5.0  5.0  5.0  5.0  5.0
6  6.0  6.0  6.0  6.0  6.0  6.0  6.0  6.0
7  7.0  7.0  7.0  7.0  7.0  7.0  7.0  7.0
k =  5
     0    1    2    3    4    5    6    7
0  0.0  7.0  2.0  0.0  4.0  inf  inf  inf
1  1.0  0.0  0.0 -2.0  1.0  inf  inf  inf
2  6.0  5.0  0.0 -2.0  2.0  inf  inf  inf
3  8.0  7.0  3.0  0.0  4.0  inf  inf  inf
4  4.0  3.0 -1.0 -3.0  0.0  inf  inf  inf
5  inf  inf  inf  inf  inf  0.0  2.0  inf
6  inf  inf  inf  inf  inf -2.0  0.0 -2.0
7  inf  inf  inf  inf  inf  inf  inf  0.0
      0    1    2    3    4    5    6    7
0  0.0  4.0  0.0  2.0  3.0  0.0  0.0  0.0
1  1.0  1.0  4.0  2.0  1.0  1.0  1.0  1.0
2  1.0  4.0  2.0  2.0  3.0  2.0  2.0  2.0
3  1.0  4.0  4.0  3.0  3.0  3.0  3.0  3.0
4  1.0  4.0  4.0  2.0  4.0  4.0  4.0  4.0
5  5.0  5.0  5.0  5.0  5.0  5.0  5.0  5.0
6  6.0  6.0  6.0  6.0  6.0  6.0  6.0  6.0
7  7.0  7.0  7.0  7.0  7.0  7.0  7.0  7.0
k =  6
     0    1    2    3    4    5    6    7
0  0.0  7.0  2.0  0.0  4.0  inf  inf  inf
1  1.0  0.0  0.0 -2.0  1.0  inf  inf  inf
2  6.0  5.0  0.0 -2.0  2.0  inf  inf  inf
3  8.0  7.0  3.0  0.0  4.0  inf  inf  inf
4  4.0  3.0 -1.0 -3.0  0.0  inf  inf  inf
5  inf  inf  inf  inf  inf  0.0  2.0  0.0
6  inf  inf  inf  inf  inf -2.0  0.0 -2.0
7  inf  inf  inf  inf  inf  inf  inf  0.0
      0    1    2    3    4    5    6    7
0  0.0  4.0  0.0  2.0  3.0  0.0  0.0  0.0
1  1.0  1.0  4.0  2.0  1.0  1.0  1.0  1.0
2  1.0  4.0  2.0  2.0  3.0  2.0  2.0  2.0
3  1.0  4.0  4.0  3.0  3.0  3.0  3.0  3.0
4  1.0  4.0  4.0  2.0  4.0  4.0  4.0  4.0
5  5.0  5.0  5.0  5.0  5.0  5.0  5.0  6.0
6  6.0  6.0  6.0  6.0  6.0  6.0  6.0  6.0
7  7.0  7.0  7.0  7.0  7.0  7.0  7.0  7.0
k =  7
     0    1    2    3    4    5    6    7
0  0.0  7.0  2.0  0.0  4.0  inf  inf  inf
1  1.0  0.0  0.0 -2.0  1.0  inf  inf  inf
2  6.0  5.0  0.0 -2.0  2.0  inf  inf  inf
3  8.0  7.0  3.0  0.0  4.0  inf  inf  inf
4  4.0  3.0 -1.0 -3.0  0.0  inf  inf  inf
5  inf  inf  inf  inf  inf  0.0  2.0  0.0
6  inf  inf  inf  inf  inf -2.0  0.0 -2.0
7  inf  inf  inf  inf  inf  inf  inf  0.0
      0    1    2    3    4    5    6    7
0  0.0  4.0  0.0  2.0  3.0  0.0  0.0  0.0
1  1.0  1.0  4.0  2.0  1.0  1.0  1.0  1.0
2  1.0  4.0  2.0  2.0  3.0  2.0  2.0  2.0
3  1.0  4.0  4.0  3.0  3.0  3.0  3.0  3.0
4  1.0  4.0  4.0  2.0  4.0  4.0  4.0  4.0
5  5.0  5.0  5.0  5.0  5.0  5.0  5.0  6.0
6  6.0  6.0  6.0  6.0  6.0  6.0  6.0  6.0
7  7.0  7.0  7.0  7.0  7.0  7.0  7.0  7.0

